# Wavelength(micron)   Transit_Depth(rp^2/r*^2)
  0.610000   0.001573
  0.618798   0.001573
  0.627595   0.001573
  0.636393   0.001573
  0.645190   0.001573
  0.653988   0.001573
  0.662786   0.001573
  0.671583   0.001573
  0.680381   0.001573
  0.689178   0.001573
  0.697976   0.001573
  0.706774   0.001573
  0.715571   0.001573
  0.724369   0.001573
  0.733166   0.001573
  0.741964   0.001573
  0.750762   0.001573
  0.759559   0.001573
  0.768357   0.001573
  0.777154   0.001573
  0.785952   0.001573
  0.794749   0.001573
  0.803547   0.001573
  0.812345   0.001575
  0.821142   0.001576
  0.829940   0.001573
  0.838737   0.001573
  0.847535   0.001573
  0.856333   0.001573
  0.865130   0.001573
  0.873928   0.001574
  0.882725   0.001574
  0.891523   0.001593
  0.900321   0.001598
  0.909118   0.001576
  0.917916   0.001574
  0.926713   0.001573
  0.935511   0.001573
  0.944309   0.001574
  0.953106   0.001594
  0.961904   0.001574
  0.970701   0.001574
  0.979499   0.001577
  0.988297   0.001580
  0.997094   0.001576
  1.005892   0.001577
  1.014689   0.001576
  1.023487   0.001575
  1.032285   0.001575
  1.041082   0.001573
  1.049880   0.001573
  1.058677   0.001573
  1.067475   0.001573
  1.076273   0.001573
  1.085070   0.001573
  1.093868   0.001574
  1.102665   0.001574
  1.111463   0.001577
  1.120261   0.001614
  1.129058   0.001583
  1.137856   0.001597
  1.146653   0.001587
  1.155451   0.001693
  1.164248   0.001586
  1.173046   0.001631
  1.181844   0.001584
  1.190641   0.001594
  1.199439   0.001583
  1.208236   0.001577
  1.217034   0.001576
  1.225832   0.001574
  1.234629   0.001573
  1.243427   0.001573
  1.252224   0.001573
  1.261022   0.001573
  1.269820   0.001573
  1.278617   0.001573
  1.287415   0.001573
  1.296212   0.001575
  1.305010   0.001575
  1.313808   0.001578
  1.322605   0.001576
  1.331403   0.001588
  1.340200   0.001628
  1.348998   0.001632
  1.357796   0.001779
  1.366593   0.001588
  1.375391   0.001609
  1.384188   0.001613
  1.392986   0.001616
  1.401784   0.001634
  1.410581   0.001605
  1.419379   0.001716
  1.428176   0.001587
  1.436974   0.001644
  1.445772   0.001606
  1.454569   0.001640
  1.463367   0.001578
  1.472164   0.001599
  1.480962   0.001783
  1.489760   0.001623
  1.498557   0.001576
  1.507355   0.001681
  1.516152   0.001573
  1.524950   0.001574
  1.533747   0.001573
  1.542545   0.001584
  1.551343   0.001575
  1.560140   0.001573
  1.568938   0.001573
  1.577735   0.001574
  1.586533   0.001574
  1.595331   0.001574
  1.604128   0.001582
  1.612926   0.001586
  1.621723   0.001623
  1.630521   0.001610
  1.639319   0.001608
  1.648116   0.001598
  1.656914   0.001596
  1.665711   0.001604
  1.674509   0.001653
  1.683307   0.001634
  1.692104   0.001613
  1.700902   0.001626
  1.709699   0.001621
  1.718497   0.001611
  1.727295   0.001650
  1.736092   0.001660
  1.744890   0.001612
  1.753687   0.001684
  1.762485   0.001660
  1.771283   0.001612
  1.780080   0.001618
  1.788878   0.001625
  1.797675   0.001621
  1.806473   0.001594
  1.815271   0.001591
  1.824068   0.001629
  1.832866   0.001639
  1.841663   0.001583
  1.850461   0.001624
  1.859259   0.001590
  1.868056   0.001583
  1.876854   0.001584
  1.885651   0.001579
  1.894449   0.001663
  1.903246   0.001575
  1.912044   0.001582
  1.920842   0.001933
  1.929639   0.001583
  1.938437   0.001575
  1.947234   0.001608
  1.956032   0.001577
  1.964830   0.001583
  1.973627   0.001599
  1.982425   0.001577
  1.991222   0.001578
  2.000020   0.001583
  2.008818   0.001619
  2.017615   0.001700
  2.026413   0.001609
  2.035210   0.001583
  2.044008   0.001581
  2.052806   0.001592
  2.061603   0.001575
  2.070401   0.001595
  2.079198   0.001578
  2.087996   0.001597
  2.096794   0.001578
  2.105591   0.001584
  2.114389   0.001593
  2.123186   0.001586
  2.131984   0.001620
  2.140782   0.001579
  2.149579   0.001581
  2.158377   0.001611
  2.167174   0.001595
  2.175972   0.001587
  2.184770   0.001587
  2.193567   0.001650
  2.202365   0.001661
  2.211162   0.001625
  2.219960   0.001640
  2.228758   0.001649
  2.237555   0.001597
  2.246353   0.001656
  2.255150   0.001693
  2.263948   0.001704
  2.272745   0.001683
  2.281543   0.001697
  2.290341   0.001719
  2.299138   0.001780
  2.307936   0.001675
  2.316733   0.001759
  2.325531   0.001697
  2.334329   0.001745
  2.343126   0.001704
  2.351924   0.001770
  2.360721   0.001733
  2.369519   0.001685
  2.378317   0.001681
  2.387114   0.001650
  2.395912   0.001685
  2.404709   0.001693
  2.413507   0.001685
  2.422305   0.001652
  2.431102   0.001746
  2.439900   0.001657
  2.448697   0.001691
  2.457495   0.001771
  2.466293   0.001670
  2.475090   0.001629
  2.483888   0.001620
  2.492685   0.001670
  2.501483   0.001604
  2.510281   0.001603
  2.519078   0.001591
  2.527876   0.001593
  2.536673   0.001602
  2.545471   0.001584
  2.554269   0.001611
  2.563066   0.001796
  2.571864   0.001597
  2.580661   0.001609
  2.589459   0.001594
  2.598257   0.001725
  2.607054   0.001587
  2.615852   0.001607
  2.624649   0.001633
  2.633447   0.001887
  2.642244   0.001654
  2.651042   0.001601
  2.659840   0.001613
  2.668637   0.001591
  2.677435   0.001819
  2.686232   0.001698
  2.695030   0.001582
  2.703828   0.001702
  2.712625   0.001577
  2.721423   0.001589
  2.730220   0.001622
  2.739018   0.001621
  2.747816   0.001595
  2.756613   0.001618
  2.765411   0.001580
  2.774208   0.001688
  2.783006   0.001692
  2.791804   0.001718
  2.800601   0.001722
  2.809399   0.001736
  2.818196   0.001809
  2.826994   0.001783
  2.835792   0.001602
  2.844589   0.001584
  2.853387   0.001582
  2.862184   0.001577
  2.870982   0.001671
  2.879780   0.001629
  2.888577   0.001654
  2.897375   0.001594
  2.906172   0.001588
  2.914970   0.001608
  2.923768   0.001659
  2.932565   0.001678
  2.941363   0.001598
  2.950160   0.001596
  2.958958   0.001581
  2.967756   0.001578
  2.976553   0.001577
  2.985351   0.001579
  2.994148   0.001579
  3.002946   0.001609
  3.011743   0.001597
  3.020541   0.001583
  3.029339   0.001593
  3.038136   0.001599
  3.046934   0.001650
  3.055731   0.001623
  3.064529   0.001609
  3.073327   0.001665
  3.082124   0.001653
  3.090922   0.001645
  3.099719   0.001645
  3.108517   0.001648
  3.117315   0.001724
  3.126112   0.001708
  3.134910   0.001663
  3.143707   0.001679
  3.152505   0.001740
  3.161303   0.001774
  3.170100   0.001726
  3.178898   0.001662
  3.187695   0.001775
  3.196493   0.001692
  3.205291   0.001756
  3.214088   0.001770
  3.222886   0.001716
  3.231683   0.001681
  3.240481   0.001719
  3.249279   0.001682
  3.258076   0.001683
  3.266874   0.001735
  3.275671   0.001763
  3.284469   0.001726
  3.293267   0.001672
  3.302064   0.001704
  3.310862   0.001637
  3.319659   0.001722
  3.328457   0.001918
  3.337255   0.001832
  3.346052   0.001801
  3.354850   0.001757
  3.363647   0.001737
  3.372445   0.001739
  3.381242   0.001694
  3.390040   0.001681
  3.398838   0.001718
  3.407635   0.001765
  3.416433   0.001738
  3.425230   0.001703
  3.434028   0.001695
  3.442826   0.001698
  3.451623   0.001702
  3.460421   0.001739
  3.469218   0.001783
  3.478016   0.001791
  3.486814   0.001687
  3.495611   0.001670
  3.504409   0.001686
  3.513206   0.001722
  3.522004   0.001699
  3.530802   0.001692
  3.539599   0.001692
  3.548397   0.001681
  3.557194   0.001691
  3.565992   0.001686
  3.574790   0.001639
  3.583587   0.001698
  3.592385   0.001717
  3.601182   0.001664
  3.609980   0.001683
  3.618778   0.001687
  3.627575   0.001675
  3.636373   0.001685
  3.645170   0.001707
  3.653968   0.001741
  3.662766   0.001706
  3.671563   0.001676
  3.680361   0.001656
  3.689158   0.001618
  3.697956   0.001610
  3.706754   0.001649
  3.715551   0.001656
  3.724349   0.001659
  3.733146   0.001670
  3.741944   0.001699
  3.750741   0.001731
  3.759539   0.001681
  3.768337   0.001683
  3.777134   0.001744
  3.785932   0.001671
  3.794729   0.001603
  3.803527   0.001592
  3.812325   0.001586
  3.821122   0.001586
  3.829920   0.001605
  3.838717   0.001613
  3.847515   0.001596
  3.856313   0.001605
  3.865110   0.001641
  3.873908   0.001621
  3.882705   0.001601
  3.891503   0.001593
  3.900301   0.001593
  3.909098   0.001605
  3.917896   0.001599
  3.926693   0.001589
  3.935491   0.001584
  3.944289   0.001583
  3.953086   0.001592
  3.961884   0.001596
  3.970681   0.001590
  3.979479   0.001599
  3.988277   0.001622
  3.997074   0.001638
  4.005872   0.001654
  4.014669   0.001658
  4.023467   0.001630
  4.032265   0.001588
  4.041062   0.001581
  4.049860   0.001586
  4.058657   0.001588
  4.067455   0.001586
  4.076253   0.001583
  4.085050   0.001579
  4.093848   0.001583
  4.102645   0.001592
  4.111443   0.001584
  4.120240   0.001578
  4.129038   0.001575
  4.137836   0.001574
  4.146633   0.001575
  4.155431   0.001577
  4.164228   0.001594
  4.173026   0.001641
  4.181824   0.001598
  4.190621   0.001611
  4.199419   0.001601
  4.208216   0.001604
  4.217014   0.001593
  4.225812   0.001602
  4.234609   0.001591
  4.243407   0.001813
  4.252204   0.001763
  4.261002   0.002084
  4.269800   0.002038
  4.278597   0.001958
  4.287395   0.001773
  4.296192   0.001624
  4.304990   0.001636
  4.313788   0.001700
  4.322585   0.001748
  4.331383   0.001788
  4.340180   0.001729
  4.348978   0.001627
  4.357776   0.001606
  4.366573   0.001644
  4.375371   0.001672
  4.384168   0.001605
  4.392966   0.001581
  4.401764   0.001592
  4.410561   0.001616
  4.419359   0.001659
  4.428156   0.001716
  4.436954   0.001725
  4.445752   0.001700
  4.454549   0.001717
  4.463347   0.001804
  4.472144   0.001883
  4.480942   0.001860
  4.489739   0.001838
  4.498537   0.001805
  4.507335   0.001772
  4.516132   0.001760
  4.524930   0.001766
  4.533727   0.001752
  4.542525   0.001666
  4.551323   0.001599
  4.560120   0.001589
  4.568918   0.001596
  4.577715   0.001593
  4.586513   0.001608
  4.595311   0.001643
  4.604108   0.001590
  4.612906   0.001576
  4.621703   0.001576
  4.630501   0.001615
  4.639299   0.001686
  4.648096   0.001581
  4.656894   0.001578
  4.665691   0.001575
  4.674489   0.001574
  4.683287   0.001574
  4.692084   0.001576
  4.700882   0.001583
  4.709679   0.001575
  4.718477   0.001573
  4.727275   0.001573
  4.736072   0.001575
  4.744870   0.001631
  4.753667   0.001592
  4.762465   0.001575
  4.771263   0.001575
  4.780060   0.001574
  4.788858   0.001574
  4.797655   0.001575
  4.806453   0.001580
  4.815251   0.001602
  4.824048   0.001584
  4.832846   0.001577
  4.841643   0.001575
  4.850441   0.001574
  4.859238   0.001574
  4.868036   0.001575
  4.876834   0.001584
  4.885631   0.001620
  4.894429   0.001580
  4.903226   0.001615
  4.912024   0.001676
  4.920822   0.001601
  4.929619   0.001577
  4.938417   0.001574
  4.947214   0.001574
  4.956012   0.001588
  4.964810   0.001578
  4.973607   0.001574
  4.982405   0.001575
  4.991202   0.001575
  5.000000   0.001574
