# Wavelength(micron)   Transit_Depth(rp^2/r*^2)
  0.610000   0.001085
  0.618798   0.001085
  0.627595   0.001085
  0.636393   0.001085
  0.645190   0.001090
  0.653988   0.001085
  0.662786   0.001085
  0.671583   0.001085
  0.680381   0.001085
  0.689178   0.001085
  0.697976   0.001086
  0.706774   0.001085
  0.715571   0.001086
  0.724369   0.001087
  0.733166   0.001087
  0.741964   0.001086
  0.750762   0.001086
  0.759559   0.001086
  0.768357   0.001085
  0.777154   0.001085
  0.785952   0.001086
  0.794749   0.001086
  0.803547   0.001087
  0.812345   0.001109
  0.821142   0.001108
  0.829940   0.001087
  0.838737   0.001092
  0.847535   0.001093
  0.856333   0.001094
  0.865130   0.001095
  0.873928   0.001096
  0.882725   0.001102
  0.891523   0.001131
  0.900321   0.001140
  0.909118   0.001106
  0.917916   0.001100
  0.926713   0.001097
  0.935511   0.001096
  0.944309   0.001108
  0.953106   0.001141
  0.961904   0.001100
  0.970701   0.001106
  0.979499   0.001120
  0.988297   0.001127
  0.997094   0.001109
  1.005892   0.001111
  1.014689   0.001110
  1.023487   0.001102
  1.032285   0.001106
  1.041082   0.001095
  1.049880   0.001093
  1.058677   0.001092
  1.067475   0.001090
  1.076273   0.001089
  1.085070   0.001092
  1.093868   0.001105
  1.102665   0.001103
  1.111463   0.001126
  1.120261   0.001145
  1.129058   0.001130
  1.137856   0.001151
  1.146653   0.001134
  1.155451   0.001178
  1.164248   0.001131
  1.173046   0.001151
  1.181844   0.001130
  1.190641   0.001138
  1.199439   0.001126
  1.208236   0.001117
  1.217034   0.001117
  1.225832   0.001105
  1.234629   0.001099
  1.243427   0.001095
  1.252224   0.001090
  1.261022   0.001090
  1.269820   0.001090
  1.278617   0.001092
  1.287415   0.001095
  1.296212   0.001110
  1.305010   0.001112
  1.313808   0.001122
  1.322605   0.001114
  1.331403   0.001134
  1.340200   0.001160
  1.348998   0.001169
  1.357796   0.001213
  1.366593   0.001141
  1.375391   0.001146
  1.384188   0.001149
  1.392986   0.001152
  1.401784   0.001157
  1.410581   0.001144
  1.419379   0.001185
  1.428176   0.001132
  1.436974   0.001177
  1.445772   0.001148
  1.454569   0.001169
  1.463367   0.001124
  1.472164   0.001156
  1.480962   0.001214
  1.489760   0.001161
  1.498557   0.001134
  1.507355   0.001184
  1.516152   0.001104
  1.524950   0.001101
  1.533747   0.001098
  1.542545   0.001133
  1.551343   0.001115
  1.560140   0.001099
  1.568938   0.001101
  1.577735   0.001111
  1.586533   0.001112
  1.595331   0.001107
  1.604128   0.001132
  1.612926   0.001137
  1.621723   0.001158
  1.630521   0.001152
  1.639319   0.001151
  1.648116   0.001145
  1.656914   0.001142
  1.665711   0.001147
  1.674509   0.001167
  1.683307   0.001158
  1.692104   0.001152
  1.700902   0.001154
  1.709699   0.001153
  1.718497   0.001149
  1.727295   0.001158
  1.736092   0.001166
  1.744890   0.001152
  1.753687   0.001173
  1.762485   0.001162
  1.771283   0.001147
  1.780080   0.001165
  1.788878   0.001166
  1.797675   0.001152
  1.806473   0.001141
  1.815271   0.001139
  1.824068   0.001170
  1.832866   0.001177
  1.841663   0.001138
  1.850461   0.001155
  1.859259   0.001140
  1.868056   0.001137
  1.876854   0.001136
  1.885651   0.001127
  1.894449   0.001190
  1.903246   0.001116
  1.912044   0.001129
  1.920842   0.001265
  1.929639   0.001145
  1.938437   0.001114
  1.947234   0.001163
  1.956032   0.001127
  1.964830   0.001141
  1.973627   0.001160
  1.982425   0.001126
  1.991222   0.001136
  2.000020   0.001135
  2.008818   0.001163
  2.017615   0.001183
  2.026413   0.001157
  2.035210   0.001137
  2.044008   0.001143
  2.052806   0.001151
  2.061603   0.001126
  2.070401   0.001152
  2.079198   0.001132
  2.087996   0.001153
  2.096794   0.001124
  2.105591   0.001134
  2.114389   0.001149
  2.123186   0.001139
  2.131984   0.001151
  2.140782   0.001133
  2.149579   0.001137
  2.158377   0.001151
  2.167174   0.001148
  2.175972   0.001142
  2.184770   0.001142
  2.193567   0.001171
  2.202365   0.001171
  2.211162   0.001164
  2.219960   0.001165
  2.228758   0.001172
  2.237555   0.001156
  2.246353   0.001174
  2.255150   0.001183
  2.263948   0.001189
  2.272745   0.001178
  2.281543   0.001184
  2.290341   0.001188
  2.299138   0.001205
  2.307936   0.001179
  2.316733   0.001203
  2.325531   0.001186
  2.334329   0.001204
  2.343126   0.001187
  2.351924   0.001202
  2.360721   0.001193
  2.369519   0.001181
  2.378317   0.001181
  2.387114   0.001174
  2.395912   0.001181
  2.404709   0.001185
  2.413507   0.001181
  2.422305   0.001174
  2.431102   0.001197
  2.439900   0.001169
  2.448697   0.001188
  2.457495   0.001209
  2.466293   0.001173
  2.475090   0.001165
  2.483888   0.001164
  2.492685   0.001176
  2.501483   0.001155
  2.510281   0.001158
  2.519078   0.001148
  2.527876   0.001148
  2.536673   0.001157
  2.545471   0.001152
  2.554269   0.001154
  2.563066   0.001224
  2.571864   0.001151
  2.580661   0.001152
  2.589459   0.001148
  2.598257   0.001205
  2.607054   0.001144
  2.615852   0.001152
  2.624649   0.001164
  2.633447   0.001252
  2.642244   0.001179
  2.651042   0.001156
  2.659840   0.001163
  2.668637   0.001155
  2.677435   0.001235
  2.686232   0.001194
  2.695030   0.001137
  2.703828   0.001195
  2.712625   0.001132
  2.721423   0.001153
  2.730220   0.001163
  2.739018   0.001171
  2.747816   0.001164
  2.756613   0.001168
  2.765411   0.001148
  2.774208   0.001196
  2.783006   0.001185
  2.791804   0.001198
  2.800601   0.001197
  2.809399   0.001206
  2.818196   0.001221
  2.826994   0.001225
  2.835792   0.001165
  2.844589   0.001152
  2.853387   0.001146
  2.862184   0.001130
  2.870982   0.001194
  2.879780   0.001182
  2.888577   0.001182
  2.897375   0.001160
  2.906172   0.001155
  2.914970   0.001167
  2.923768   0.001193
  2.932565   0.001192
  2.941363   0.001159
  2.950160   0.001163
  2.958958   0.001144
  2.967756   0.001137
  2.976553   0.001138
  2.985351   0.001138
  2.994148   0.001135
  3.002946   0.001155
  3.011743   0.001153
  3.020541   0.001148
  3.029339   0.001158
  3.038136   0.001156
  3.046934   0.001185
  3.055731   0.001164
  3.064529   0.001166
  3.073327   0.001193
  3.082124   0.001190
  3.090922   0.001185
  3.099719   0.001185
  3.108517   0.001180
  3.117315   0.001207
  3.126112   0.001203
  3.134910   0.001191
  3.143707   0.001191
  3.152505   0.001203
  3.161303   0.001212
  3.170100   0.001203
  3.178898   0.001186
  3.187695   0.001213
  3.196493   0.001193
  3.205291   0.001217
  3.214088   0.001222
  3.222886   0.001205
  3.231683   0.001193
  3.240481   0.001199
  3.249279   0.001191
  3.258076   0.001190
  3.266874   0.001205
  3.275671   0.001214
  3.284469   0.001203
  3.293267   0.001186
  3.302064   0.001197
  3.310862   0.001191
  3.319659   0.001220
  3.328457   0.001263
  3.337255   0.001241
  3.346052   0.001233
  3.354850   0.001217
  3.363647   0.001208
  3.372445   0.001207
  3.381242   0.001195
  3.390040   0.001190
  3.398838   0.001202
  3.407635   0.001216
  3.416433   0.001207
  3.425230   0.001197
  3.434028   0.001194
  3.442826   0.001195
  3.451623   0.001198
  3.460421   0.001207
  3.469218   0.001217
  3.478016   0.001216
  3.486814   0.001189
  3.495611   0.001184
  3.504409   0.001188
  3.513206   0.001197
  3.522004   0.001194
  3.530802   0.001195
  3.539599   0.001196
  3.548397   0.001189
  3.557194   0.001194
  3.565992   0.001194
  3.574790   0.001178
  3.583587   0.001197
  3.592385   0.001201
  3.601182   0.001180
  3.609980   0.001185
  3.618778   0.001187
  3.627575   0.001184
  3.636373   0.001186
  3.645170   0.001190
  3.653968   0.001195
  3.662766   0.001188
  3.671563   0.001180
  3.680361   0.001172
  3.689158   0.001164
  3.697956   0.001163
  3.706754   0.001172
  3.715551   0.001177
  3.724349   0.001181
  3.733146   0.001182
  3.741944   0.001184
  3.750741   0.001186
  3.759539   0.001181
  3.768337   0.001183
  3.777134   0.001194
  3.785932   0.001176
  3.794729   0.001157
  3.803527   0.001151
  3.812325   0.001148
  3.821122   0.001151
  3.829920   0.001159
  3.838717   0.001161
  3.847515   0.001152
  3.856313   0.001154
  3.865110   0.001164
  3.873908   0.001159
  3.882705   0.001153
  3.891503   0.001151
  3.900301   0.001151
  3.909098   0.001155
  3.917896   0.001151
  3.926693   0.001144
  3.935491   0.001140
  3.944289   0.001139
  3.953086   0.001147
  3.961884   0.001150
  3.970681   0.001145
  3.979479   0.001151
  3.988277   0.001162
  3.997074   0.001167
  4.005872   0.001172
  4.014669   0.001172
  4.023467   0.001163
  4.032265   0.001143
  4.041062   0.001136
  4.049860   0.001142
  4.058657   0.001144
  4.067455   0.001142
  4.076253   0.001138
  4.085050   0.001133
  4.093848   0.001136
  4.102645   0.001142
  4.111443   0.001138
  4.120240   0.001133
  4.129038   0.001124
  4.137836   0.001116
  4.146633   0.001121
  4.155431   0.001126
  4.164228   0.001144
  4.173026   0.001161
  4.181824   0.001149
  4.190621   0.001152
  4.199419   0.001157
  4.208216   0.001163
  4.217014   0.001151
  4.225812   0.001145
  4.234609   0.001142
  4.243407   0.001236
  4.252204   0.001206
  4.261002   0.001317
  4.269800   0.001304
  4.278597   0.001281
  4.287395   0.001254
  4.296192   0.001227
  4.304990   0.001221
  4.313788   0.001220
  4.322585   0.001223
  4.331383   0.001228
  4.340180   0.001200
  4.348978   0.001158
  4.357776   0.001153
  4.366573   0.001190
  4.375371   0.001217
  4.384168   0.001163
  4.392966   0.001138
  4.401764   0.001152
  4.410561   0.001179
  4.419359   0.001197
  4.428156   0.001213
  4.436954   0.001214
  4.445752   0.001206
  4.454549   0.001212
  4.463347   0.001242
  4.472144   0.001269
  4.480942   0.001263
  4.489739   0.001257
  4.498537   0.001242
  4.507335   0.001226
  4.516132   0.001219
  4.524930   0.001221
  4.533727   0.001218
  4.542525   0.001199
  4.551323   0.001180
  4.560120   0.001168
  4.568918   0.001161
  4.577715   0.001158
  4.586513   0.001163
  4.595311   0.001170
  4.604108   0.001156
  4.612906   0.001142
  4.621703   0.001141
  4.630501   0.001161
  4.639299   0.001185
  4.648096   0.001148
  4.656894   0.001148
  4.665691   0.001141
  4.674489   0.001132
  4.683287   0.001130
  4.692084   0.001139
  4.700882   0.001149
  4.709679   0.001128
  4.718477   0.001111
  4.727275   0.001107
  4.736072   0.001125
  4.744870   0.001164
  4.753667   0.001154
  4.762465   0.001133
  4.771263   0.001131
  4.780060   0.001122
  4.788858   0.001119
  4.797655   0.001127
  4.806453   0.001143
  4.815251   0.001164
  4.824048   0.001145
  4.832846   0.001127
  4.841643   0.001119
  4.850441   0.001127
  4.859238   0.001136
  4.868036   0.001143
  4.876834   0.001157
  4.885631   0.001178
  4.894429   0.001142
  4.903226   0.001166
  4.912024   0.001186
  4.920822   0.001158
  4.929619   0.001131
  4.938417   0.001117
  4.947214   0.001122
  4.956012   0.001152
  4.964810   0.001137
  4.973607   0.001129
  4.982405   0.001144
  4.991202   0.001127
  5.000000   0.001120
