6.099999999999999867e-01 3.254769418367537684e-04
6.320603015075376696e-01 3.250557300751290247e-04
6.541206030150753525e-01 3.243830581947755782e-04
6.761809045226130355e-01 3.355570553898411506e-04
6.982412060301507184e-01 3.356713892547019901e-04
7.203015075376884013e-01 3.501535843938970096e-04
7.423618090452260843e-01 3.428847028500521987e-04
7.644221105527637672e-01 3.640953631173843492e-04
7.864824120603014501e-01 3.314437143621994444e-04
8.085427135678391330e-01 3.366954827665666057e-04
8.306030150753768160e-01 3.579626766107919973e-04
8.526633165829144989e-01 3.551796295128373205e-04
8.747236180904522929e-01 3.532217632287845601e-04
8.967839195979898648e-01 3.609964125011008067e-04
9.188442211055276587e-01 3.676067711916590117e-04
9.409045226130652306e-01 3.703804262328549610e-04
9.629648241206030246e-01 3.627039916468366670e-04
9.850251256281405965e-01 3.813419858123033102e-04
1.007085427135678390e+00 3.786039755771309951e-04
1.029145728643215962e+00 3.817615152770991935e-04
1.051206030150753756e+00 3.690887653989084250e-04
1.073266331658291328e+00 3.635866587406900324e-04
1.095326633165829122e+00 3.882422266886203632e-04
1.117386934673366916e+00 3.840374890955943702e-04
1.139447236180904488e+00 3.890506672046016232e-04
1.161507537688442060e+00 3.686705305520376658e-04
1.183567839195979854e+00 3.901447051492970097e-04
1.205628140703517648e+00 3.749224930290250761e-04
1.227688442211055220e+00 3.731340772116953255e-04
1.249748743718592792e+00 3.784191746230434659e-04
1.271809045226130586e+00 3.858874172553361450e-04
1.293869346733668380e+00 3.872893146984799197e-04
1.315929648241205951e+00 3.749799561699167379e-04
1.337989949748743523e+00 3.894516275656309404e-04
1.360050251256281317e+00 3.906686829109472410e-04
1.382110552763819111e+00 3.892147048466265170e-04
1.404170854271356683e+00 3.879347397847600245e-04
1.426231155778894255e+00 3.907088096146851624e-04
1.448291457286432049e+00 3.907004743892233348e-04
1.470351758793969843e+00 3.882786661763925175e-04
1.492412060301507415e+00 3.904550863876527292e-04
1.514472361809044987e+00 3.905647180998216136e-04
1.536532663316582781e+00 3.896854638190908483e-04
1.558592964824120575e+00 3.907566399858926473e-04
1.580653266331658147e+00 3.907568120970362352e-04
1.602713567839195719e+00 3.849920333268782202e-04
1.624773869346733512e+00 3.741476131633459106e-04
1.646834170854271306e+00 3.797005900062884140e-04
1.668894472361809100e+00 3.805444952436332876e-04
1.690954773869346450e+00 3.770301229073976250e-04
1.713015075376884244e+00 3.796149075898076308e-04
1.735075376884422038e+00 3.907568603525018850e-04
1.757135678391959832e+00 3.904605392882538905e-04
1.779195979899497182e+00 3.907568664675821154e-04
1.801256281407034976e+00 3.901455615378315867e-04
1.823316582914572770e+00 3.907568664797800404e-04
1.845376884422110564e+00 3.856823970615313167e-04
1.867437185929647914e+00 3.907565331684189442e-04
1.889497487437185708e+00 3.907568664799818104e-04
1.911557788944723502e+00 3.907516685086172238e-04
1.933618090452261296e+00 3.907563758585236367e-04
1.955678391959798645e+00 3.864526757043592925e-04
1.977738693467336439e+00 3.906031112140386841e-04
1.999798994974874233e+00 3.902719773806253580e-04
2.021859296482412027e+00 3.907509080287321587e-04
2.043919597989949821e+00 3.907568664799768773e-04
2.065979899497487171e+00 3.907568359549271585e-04
2.088040201005024965e+00 3.907568660201414740e-04
2.110100502512562759e+00 3.901721051011280950e-04
2.132160804020100553e+00 3.820701976452051400e-04
2.154221105527637903e+00 3.891328268663488154e-04
2.176281407035175697e+00 3.906729890797803746e-04
2.198341708542713491e+00 3.899858425897279436e-04
2.220402010050251285e+00 3.907304902763660492e-04
2.242462311557788635e+00 3.904043273240005436e-04
2.264522613065326428e+00 3.896535726427197057e-04
2.286582914572864222e+00 3.899705404164535119e-04
2.308643216080402016e+00 3.907177319197818960e-04
2.330703517587939366e+00 3.907553003598181348e-04
2.352763819095477160e+00 3.907568664797324981e-04
2.374824120603014954e+00 3.876639829273697646e-04
2.396884422110552748e+00 3.903997465286588643e-04
2.418944723618090098e+00 3.907546725296500182e-04
2.441005025125627892e+00 3.879867916407844959e-04
2.463065326633165686e+00 3.907568589436340167e-04
2.485125628140703480e+00 3.903571899936813540e-04
2.507185929648240830e+00 3.907568664799485254e-04
2.529246231155778624e+00 3.882898173333665100e-04
2.551306532663316418e+00 3.907568664799818104e-04
2.573366834170854212e+00 3.884291713764641035e-04
2.595427135678391561e+00 3.907568664799809430e-04
2.617487437185929355e+00 3.907568622421723255e-04
2.639547738693467149e+00 3.906664393359155917e-04
2.661608040201004499e+00 3.907568664799817562e-04
2.683668341708542293e+00 3.907568664795237350e-04
2.705728643216080087e+00 3.907568664799818104e-04
2.727788944723617881e+00 3.907568664799818104e-04
2.749849246231155675e+00 3.907568664799818104e-04
2.771909547738693025e+00 3.907568664799818104e-04
2.793969849246230819e+00 3.906653099899834989e-04
2.816030150753768613e+00 3.906950504625510611e-04
2.838090452261306407e+00 3.907568664799812683e-04
2.860150753768843757e+00 3.907568664799818104e-04
2.882211055276381551e+00 3.907568664799818104e-04
2.904271356783919344e+00 3.907568664799818104e-04
2.926331658291457138e+00 3.907568664799818104e-04
2.948391959798994488e+00 3.907568664799818104e-04
2.970452261306532282e+00 3.907568664799818104e-04
2.992512562814070076e+00 3.907568664799818104e-04
3.014572864321607870e+00 3.907565025328293387e-04
3.036633165829145220e+00 3.907568655874280928e-04
3.058693467336683014e+00 3.907568664799818104e-04
3.080753768844220808e+00 3.907568664799818104e-04
3.102814070351758602e+00 3.907568664799818104e-04
3.124874371859295952e+00 3.907568664799105241e-04
3.146934673366833746e+00 3.907568664513499284e-04
3.168994974874371540e+00 3.907568664798182585e-04
3.191055276381909334e+00 3.907568586403038476e-04
3.213115577889446683e+00 3.907568664799818104e-04
3.235175879396984477e+00 3.907568664799818104e-04
3.257236180904522271e+00 3.907565808754427140e-04
3.279296482412060065e+00 3.907565112408849912e-04
3.301356783919597415e+00 3.907568664799818104e-04
3.323417085427135209e+00 3.907568664799811057e-04
3.345477386934673003e+00 3.907568664799818104e-04
3.367537688442210797e+00 3.907568652807727298e-04
3.389597989949748147e+00 3.907568396997204794e-04
3.411658291457285941e+00 3.907551085874948530e-04
3.433718592964823735e+00 3.907568664578930885e-04
3.455778894472361529e+00 3.907568664799817020e-04
3.477839195979899323e+00 3.907568660878438824e-04
3.499899497487436673e+00 3.907568650362922415e-04
3.521959798994974467e+00 3.907568664366127477e-04
3.544020100502512260e+00 3.907568490179435389e-04
3.566080402010050054e+00 3.907568619716236054e-04
3.588140703517587404e+00 3.907568664799818104e-04
3.610201005025125198e+00 3.907444707910872651e-04
3.632261306532662992e+00 3.907557824085848151e-04
3.654321608040200786e+00 3.907568664799775278e-04
3.676381909547738136e+00 3.903320422699595215e-04
3.698442211055275930e+00 3.907567816278034669e-04
3.720502512562813724e+00 3.907568659720400315e-04
3.742562814070351518e+00 3.877146534839258211e-04
3.764623115577888868e+00 3.902632510712371653e-04
3.786683417085426662e+00 3.881838919808518174e-04
3.808743718592964456e+00 3.907024550744588433e-04
3.830804020100502250e+00 3.901429346149749909e-04
3.852864321608039599e+00 3.903301478644880538e-04
3.874924623115577393e+00 3.864144964031032106e-04
3.896984924623115187e+00 3.904919297853276950e-04
3.919045226130652981e+00 3.907568664799818104e-04
3.941105527638190331e+00 3.907568339276029949e-04
3.963165829145728125e+00 3.907568509177397230e-04
3.985226130653265919e+00 3.907524938026201745e-04
4.007286432160803713e+00 3.859452678943972093e-04
4.029346733668341507e+00 3.905391693595481641e-04
4.051407035175879301e+00 3.901737658659690114e-04
4.073467336683417095e+00 3.907568664799818104e-04
4.095527638190954889e+00 3.907568664799245645e-04
4.117587939698491795e+00 3.905457130678230589e-04
4.139648241206029589e+00 3.907568664799818104e-04
4.161708542713567383e+00 3.893109672727801266e-04
4.183768844221105176e+00 3.907565665219215755e-04
4.205829145728642970e+00 3.907568664799818104e-04
4.227889447236180764e+00 3.907568664799818104e-04
4.249949748743718558e+00 3.907568595997303962e-04
4.272010050251256352e+00 3.907568664799818104e-04
4.294070351758794146e+00 3.907568664799818104e-04
4.316130653266331052e+00 3.907568664799818104e-04
4.338190954773868846e+00 3.907568664799807262e-04
4.360251256281406640e+00 3.907568664799818104e-04
4.382311557788944434e+00 3.907568664799818104e-04
4.404371859296482228e+00 3.907568664799818104e-04
4.426432160804020022e+00 3.907568664799818104e-04
4.448492462311557816e+00 3.907568664799818104e-04
4.470552763819095610e+00 3.907568664799818104e-04
4.492613065326632515e+00 3.907568664799818104e-04
4.514673366834170309e+00 3.907568664799818104e-04
4.536733668341708103e+00 3.907568664799818104e-04
4.558793969849245897e+00 3.907568664799818104e-04
4.580854271356783691e+00 3.907568664799818104e-04
4.602914572864321485e+00 3.907568664799818104e-04
4.624974874371859279e+00 3.907568664799818104e-04
4.647035175879397073e+00 3.907568664799818104e-04
4.669095477386934867e+00 3.907568664799818104e-04
4.691155778894472661e+00 3.907568664799818104e-04
4.713216080402009567e+00 3.907568664799818104e-04
4.735276381909547361e+00 3.907568664799818104e-04
4.757336683417085155e+00 3.907568664799818104e-04
4.779396984924622949e+00 3.907568664799818104e-04
4.801457286432160743e+00 3.907568664799818104e-04
4.823517587939698537e+00 3.907316669052711433e-04
4.845577889447236331e+00 3.906175524880145977e-04
4.867638190954774124e+00 3.907568618561066886e-04
4.889698492462311918e+00 3.907568663469471138e-04
4.911758793969848824e+00 3.900562495457782545e-04
4.933819095477386618e+00 3.906739263410825272e-04
4.955879396984924412e+00 3.907408267161291372e-04
4.977939698492462206e+00 3.907568664799818104e-04
5.000000000000000000e+00 3.907568664799818104e-04
