# Wavelength(micron)   Transit_Depth(rp^2/r*^2)
  0.610000   0.013062
  0.618798   0.012953
  0.627595   0.013146
  0.636393   0.013167
  0.645190   0.013365
  0.653988   0.013154
  0.662786   0.013131
  0.671583   0.013075
  0.680381   0.013063
  0.689178   0.013182
  0.697976   0.013184
  0.706774   0.013258
  0.715571   0.013272
  0.724369   0.013334
  0.733166   0.013339
  0.741964   0.013225
  0.750762   0.013129
  0.759559   0.013120
  0.768357   0.013020
  0.777154   0.013063
  0.785952   0.013248
  0.794749   0.013241
  0.803547   0.013287
  0.812345   0.013514
  0.821142   0.013547
  0.829940   0.013302
  0.838737   0.013406
  0.847535   0.013406
  0.856333   0.013423
  0.865130   0.013409
  0.873928   0.013450
  0.882725   0.013468
  0.891523   0.013728
  0.900321   0.013730
  0.909118   0.013568
  0.917916   0.013461
  0.926713   0.013388
  0.935511   0.013430
  0.944309   0.013548
  0.953106   0.013683
  0.961904   0.013458
  0.970701   0.013491
  0.979499   0.013536
  0.988297   0.013611
  0.997094   0.013541
  1.005892   0.013587
  1.014689   0.013572
  1.023487   0.013518
  1.032285   0.013541
  1.041082   0.013430
  1.049880   0.013389
  1.058677   0.013377
  1.067475   0.013310
  1.076273   0.013287
  1.085070   0.013324
  1.093868   0.013413
  1.102665   0.013455
  1.111463   0.013562
  1.120261   0.013793
  1.129058   0.013648
  1.137856   0.013692
  1.146653   0.013689
  1.155451   0.013946
  1.164248   0.013669
  1.173046   0.013838
  1.181844   0.013654
  1.190641   0.013713
  1.199439   0.013649
  1.208236   0.013558
  1.217034   0.013533
  1.225832   0.013466
  1.234629   0.013391
  1.243427   0.013327
  1.252224   0.013296
  1.261022   0.013267
  1.269820   0.013283
  1.278617   0.013324
  1.287415   0.013410
  1.296212   0.013497
  1.305010   0.013508
  1.313808   0.013557
  1.322605   0.013527
  1.331403   0.013677
  1.340200   0.013776
  1.348998   0.013753
  1.357796   0.014118
  1.366593   0.013659
  1.375391   0.013768
  1.384188   0.013780
  1.392986   0.013778
  1.401784   0.013838
  1.410581   0.013753
  1.419379   0.013998
  1.428176   0.013679
  1.436974   0.013765
  1.445772   0.013743
  1.454569   0.013812
  1.463367   0.013576
  1.472164   0.013645
  1.480962   0.014104
  1.489760   0.013759
  1.498557   0.013461
  1.507355   0.013866
  1.516152   0.013406
  1.524950   0.013458
  1.533747   0.013429
  1.542545   0.013638
  1.551343   0.013464
  1.560140   0.013416
  1.568938   0.013400
  1.577735   0.013446
  1.586533   0.013445
  1.595331   0.013397
  1.604128   0.013593
  1.612926   0.013620
  1.621723   0.013766
  1.630521   0.013733
  1.639319   0.013732
  1.648116   0.013693
  1.656914   0.013703
  1.665711   0.013731
  1.674509   0.013847
  1.683307   0.013817
  1.692104   0.013744
  1.700902   0.013807
  1.709699   0.013792
  1.718497   0.013766
  1.727295   0.013885
  1.736092   0.013878
  1.744890   0.013750
  1.753687   0.013939
  1.762485   0.013900
  1.771283   0.013772
  1.780080   0.013742
  1.788878   0.013759
  1.797675   0.013791
  1.806473   0.013694
  1.815271   0.013676
  1.824068   0.013794
  1.832866   0.013786
  1.841663   0.013610
  1.850461   0.013807
  1.859259   0.013685
  1.868056   0.013606
  1.876854   0.013635
  1.885651   0.013607
  1.894449   0.013758
  1.903246   0.013497
  1.912044   0.013664
  1.920842   0.014371
  1.929639   0.013559
  1.938437   0.013536
  1.947234   0.013660
  1.956032   0.013605
  1.964830   0.013672
  1.973627   0.013625
  1.982425   0.013548
  1.991222   0.013493
  2.000020   0.013611
  2.008818   0.013713
  2.017615   0.013948
  2.026413   0.013692
  2.035210   0.013598
  2.044008   0.013554
  2.052806   0.013606
  2.061603   0.013460
  2.070401   0.013639
  2.079198   0.013508
  2.087996   0.013645
  2.096794   0.013557
  2.105591   0.013629
  2.114389   0.013627
  2.123186   0.013615
  2.131984   0.013794
  2.140782   0.013532
  2.149579   0.013558
  2.158377   0.013757
  2.167174   0.013669
  2.175972   0.013609
  2.184770   0.013620
  2.193567   0.013819
  2.202365   0.013869
  2.211162   0.013748
  2.219960   0.013812
  2.228758   0.013801
  2.237555   0.013679
  2.246353   0.013815
  2.255150   0.013922
  2.263948   0.013926
  2.272745   0.013912
  2.281543   0.013936
  2.290341   0.013997
  2.299138   0.014132
  2.307936   0.013875
  2.316733   0.014066
  2.325531   0.013922
  2.334329   0.014013
  2.343126   0.013953
  2.351924   0.014114
  2.360721   0.014025
  2.369519   0.013899
  2.378317   0.013881
  2.387114   0.013803
  2.395912   0.013908
  2.404709   0.013898
  2.413507   0.013899
  2.422305   0.013797
  2.431102   0.014056
  2.439900   0.013877
  2.448697   0.013893
  2.457495   0.014079
  2.466293   0.013889
  2.475090   0.013761
  2.483888   0.013723
  2.492685   0.013868
  2.501483   0.013694
  2.510281   0.013676
  2.519078   0.013628
  2.527876   0.013649
  2.536673   0.013687
  2.545471   0.013574
  2.554269   0.013754
  2.563066   0.014096
  2.571864   0.013707
  2.580661   0.013745
  2.589459   0.013661
  2.598257   0.013904
  2.607054   0.013594
  2.615852   0.013721
  2.624649   0.013814
  2.633447   0.014272
  2.642244   0.013785
  2.651042   0.013713
  2.659840   0.013750
  2.668637   0.013663
  2.677435   0.014119
  2.686232   0.013884
  2.695030   0.013689
  2.703828   0.013919
  2.712625   0.013622
  2.721423   0.013693
  2.730220   0.013817
  2.739018   0.013755
  2.747816   0.013647
  2.756613   0.013753
  2.765411   0.013611
  2.774208   0.013734
  2.783006   0.013906
  2.791804   0.013939
  2.800601   0.013955
  2.809399   0.013969
  2.818196   0.014159
  2.826994   0.014045
  2.835792   0.013662
  2.844589   0.013550
  2.853387   0.013587
  2.862184   0.013636
  2.870982   0.013685
  2.879780   0.013676
  2.888577   0.013782
  2.897375   0.013627
  2.906172   0.013623
  2.914970   0.013679
  2.923768   0.013726
  2.932565   0.013808
  2.941363   0.013669
  2.950160   0.013623
  2.958958   0.013546
  2.967756   0.013564
  2.976553   0.013575
  2.985351   0.013602
  2.994148   0.013577
  3.002946   0.013710
  3.011743   0.013658
  3.020541   0.013550
  3.029339   0.013605
  3.038136   0.013681
  3.046934   0.013708
  3.055731   0.013808
  3.064529   0.013656
  3.073327   0.013764
  3.082124   0.013735
  3.090922   0.013719
  3.099719   0.013714
  3.108517   0.013764
  3.117315   0.013908
  3.126112   0.013868
  3.134910   0.013759
  3.143707   0.013841
  3.152505   0.014019
  3.161303   0.014088
  3.170100   0.013972
  3.178898   0.013791
  3.187695   0.014079
  3.196493   0.013882
  3.205291   0.013986
  3.214088   0.014003
  3.222886   0.013891
  3.231683   0.013829
  3.240481   0.013954
  3.249279   0.013844
  3.258076   0.013846
  3.266874   0.013963
  3.275671   0.014022
  3.284469   0.013940
  3.293267   0.013828
  3.302064   0.013890
  3.310862   0.013811
  3.319659   0.013966
  3.328457   0.014321
  3.337255   0.014134
  3.346052   0.014072
  3.354850   0.013990
  3.363647   0.013961
  3.372445   0.013971
  3.381242   0.013858
  3.390040   0.013846
  3.398838   0.013928
  3.407635   0.014017
  3.416433   0.013957
  3.425230   0.013882
  3.434028   0.013871
  3.442826   0.013886
  3.451623   0.013880
  3.460421   0.013978
  3.469218   0.014093
  3.478016   0.014128
  3.486814   0.013877
  3.495611   0.013833
  3.504409   0.013875
  3.513206   0.013967
  3.522004   0.013879
  3.530802   0.013845
  3.539599   0.013843
  3.548397   0.013839
  3.557194   0.013850
  3.565992   0.013830
  3.574790   0.013739
  3.583587   0.013870
  3.592385   0.013924
  3.601182   0.013841
  3.609980   0.013892
  3.618778   0.013895
  3.627575   0.013858
  3.636373   0.013874
  3.645170   0.013937
  3.653968   0.014049
  3.662766   0.013938
  3.671563   0.013862
  3.680361   0.013832
  3.689158   0.013713
  3.697956   0.013683
  3.706754   0.013812
  3.715551   0.013823
  3.724349   0.013815
  3.733146   0.013837
  3.741944   0.013938
  3.750741   0.014056
  3.759539   0.013880
  3.768337   0.013873
  3.777134   0.014056
  3.785932   0.013872
  3.794729   0.013672
  3.803527   0.013618
  3.812325   0.013579
  3.821122   0.013561
  3.829920   0.013665
  3.838717   0.013690
  3.847515   0.013561
  3.856313   0.013614
  3.865110   0.013805
  3.873908   0.013757
  3.882705   0.013682
  3.891503   0.013624
  3.900301   0.013621
  3.909098   0.013682
  3.917896   0.013671
  3.926693   0.013634
  3.935491   0.013599
  3.944289   0.013583
  3.953086   0.013633
  3.961884   0.013651
  3.970681   0.013624
  3.979479   0.013663
  3.988277   0.013738
  3.997074   0.013777
  4.005872   0.013819
  4.014669   0.013837
  4.023467   0.013775
  4.032265   0.013624
  4.041062   0.013562
  4.049860   0.013596
  4.058657   0.013608
  4.067455   0.013598
  4.076253   0.013573
  4.085050   0.013539
  4.093848   0.013590
  4.102645   0.013674
  4.111443   0.013589
  4.120240   0.013488
  4.129038   0.013449
  4.137836   0.013424
  4.146633   0.013456
  4.155431   0.013493
  4.164228   0.013660
  4.173026   0.013821
  4.181824   0.013706
  4.190621   0.013790
  4.199419   0.013743
  4.208216   0.013726
  4.217014   0.013741
  4.225812   0.013792
  4.234609   0.013754
  4.243407   0.014091
  4.252204   0.014071
  4.261002   0.014525
  4.269800   0.014492
  4.278597   0.014393
  4.287395   0.014022
  4.296192   0.013759
  4.304990   0.013753
  4.313788   0.013834
  4.322585   0.013929
  4.331383   0.014040
  4.340180   0.013969
  4.348978   0.013815
  4.357776   0.013761
  4.366573   0.013761
  4.375371   0.013754
  4.384168   0.013718
  4.392966   0.013689
  4.401764   0.013709
  4.410561   0.013731
  4.419359   0.013784
  4.428156   0.013876
  4.436954   0.013893
  4.445752   0.013841
  4.454549   0.013871
  4.463347   0.014031
  4.472144   0.014167
  4.480942   0.014120
  4.489739   0.014072
  4.498537   0.014034
  4.507335   0.013999
  4.516132   0.013991
  4.524930   0.014005
  4.533727   0.013964
  4.542525   0.013736
  4.551323   0.013659
  4.560120   0.013666
  4.568918   0.013689
  4.577715   0.013685
  4.586513   0.013712
  4.595311   0.013794
  4.604108   0.013606
  4.612906   0.013511
  4.621703   0.013572
  4.630501   0.013750
  4.639299   0.013891
  4.648096   0.013661
  4.656894   0.013539
  4.665691   0.013498
  4.674489   0.013489
  4.683287   0.013503
  4.692084   0.013518
  4.700882   0.013567
  4.709679   0.013527
  4.718477   0.013498
  4.727275   0.013508
  4.736072   0.013607
  4.744870   0.013795
  4.753667   0.013684
  4.762465   0.013550
  4.771263   0.013486
  4.780060   0.013489
  4.788858   0.013595
  4.797655   0.013619
  4.806453   0.013576
  4.815251   0.013614
  4.824048   0.013570
  4.832846   0.013547
  4.841643   0.013528
  4.850441   0.013507
  4.859238   0.013502
  4.868036   0.013548
  4.876834   0.013635
  4.885631   0.013725
  4.894429   0.013607
  4.903226   0.013679
  4.912024   0.013827
  4.920822   0.013640
  4.929619   0.013522
  4.938417   0.013535
  4.947214   0.013558
  4.956012   0.013659
  4.964810   0.013606
  4.973607   0.013492
  4.982405   0.013470
  4.991202   0.013464
  5.000000   0.013465
