# Wavelength(micron)   Transit_Depth(rp^2/r*^2)
  0.610000   0.002895
  0.618798   0.002895
  0.627595   0.002896
  0.636393   0.002900
  0.645190   0.002935
  0.653988   0.002897
  0.662786   0.002896
  0.671583   0.002895
  0.680381   0.002895
  0.689178   0.002898
  0.697976   0.002899
  0.706774   0.002918
  0.715571   0.002919
  0.724369   0.002955
  0.733166   0.002946
  0.741964   0.002905
  0.750762   0.002895
  0.759559   0.002895
  0.768357   0.002895
  0.777154   0.002895
  0.785952   0.002903
  0.794749   0.002909
  0.803547   0.002913
  0.812345   0.003010
  0.821142   0.003043
  0.829940   0.002927
  0.838737   0.002982
  0.847535   0.002980
  0.856333   0.003000
  0.865130   0.002981
  0.873928   0.003001
  0.882725   0.003003
  0.891523   0.003144
  0.900321   0.003133
  0.909118   0.003064
  0.917916   0.002988
  0.926713   0.002948
  0.935511   0.002993
  0.944309   0.003045
  0.953106   0.003075
  0.961904   0.002995
  0.970701   0.003023
  0.979499   0.003023
  0.988297   0.003097
  0.997094   0.003040
  1.005892   0.003072
  1.014689   0.003070
  1.023487   0.003042
  1.032285   0.003050
  1.041082   0.002980
  1.049880   0.002963
  1.058677   0.002959
  1.067475   0.002930
  1.076273   0.002921
  1.085070   0.002926
  1.093868   0.002961
  1.102665   0.002996
  1.111463   0.003042
  1.120261   0.003171
  1.129058   0.003104
  1.137856   0.003119
  1.146653   0.003129
  1.155451   0.003229
  1.164248   0.003113
  1.173046   0.003194
  1.181844   0.003099
  1.190641   0.003130
  1.199439   0.003094
  1.208236   0.003043
  1.217034   0.003025
  1.225832   0.003013
  1.234629   0.002954
  1.243427   0.002926
  1.252224   0.002914
  1.261022   0.002907
  1.269820   0.002912
  1.278617   0.002924
  1.287415   0.002986
  1.296212   0.002998
  1.305010   0.002994
  1.313808   0.003040
  1.322605   0.003019
  1.331403   0.003100
  1.340200   0.003121
  1.348998   0.003095
  1.357796   0.003340
  1.366593   0.003089
  1.375391   0.003152
  1.384188   0.003161
  1.392986   0.003160
  1.401784   0.003201
  1.410581   0.003144
  1.419379   0.003265
  1.428176   0.003117
  1.436974   0.003100
  1.445772   0.003125
  1.454569   0.003160
  1.463367   0.003041
  1.472164   0.003041
  1.480962   0.003297
  1.489760   0.003101
  1.498557   0.002963
  1.507355   0.003135
  1.516152   0.002964
  1.524950   0.003004
  1.533747   0.003001
  1.542545   0.003070
  1.551343   0.002999
  1.560140   0.002966
  1.568938   0.002949
  1.577735   0.002972
  1.586533   0.002966
  1.595331   0.002952
  1.604128   0.003024
  1.612926   0.003030
  1.621723   0.003112
  1.630521   0.003102
  1.639319   0.003107
  1.648116   0.003078
  1.656914   0.003111
  1.665711   0.003100
  1.674509   0.003166
  1.683307   0.003167
  1.692104   0.003104
  1.700902   0.003171
  1.709699   0.003171
  1.718497   0.003150
  1.727295   0.003232
  1.736092   0.003194
  1.744890   0.003111
  1.753687   0.003236
  1.762485   0.003226
  1.771283   0.003158
  1.780080   0.003129
  1.788878   0.003119
  1.797675   0.003153
  1.806473   0.003095
  1.815271   0.003088
  1.824068   0.003165
  1.832866   0.003150
  1.841663   0.003045
  1.850461   0.003168
  1.859259   0.003104
  1.868056   0.003042
  1.876854   0.003078
  1.885651   0.003070
  1.894449   0.003034
  1.903246   0.003005
  1.912044   0.003103
  1.920842   0.003457
  1.929639   0.003015
  1.938437   0.003033
  1.947234   0.003033
  1.956032   0.003057
  1.964830   0.003116
  1.973627   0.003000
  1.982425   0.003029
  1.991222   0.002971
  2.000020   0.003035
  2.008818   0.003050
  2.017615   0.003218
  2.026413   0.003057
  2.035210   0.003020
  2.044008   0.003007
  2.052806   0.003012
  2.061603   0.002975
  2.070401   0.003044
  2.079198   0.002973
  2.087996   0.003033
  2.096794   0.003021
  2.105591   0.003056
  2.114389   0.003016
  2.123186   0.003034
  2.131984   0.003156
  2.140782   0.003019
  2.149579   0.003003
  2.158377   0.003132
  2.167174   0.003073
  2.175972   0.003018
  2.184770   0.003031
  2.193567   0.003150
  2.202365   0.003189
  2.211162   0.003089
  2.219960   0.003146
  2.228758   0.003106
  2.237555   0.003090
  2.246353   0.003085
  2.255150   0.003200
  2.263948   0.003093
  2.272745   0.003206
  2.281543   0.003209
  2.290341   0.003257
  2.299138   0.003346
  2.307936   0.003175
  2.316733   0.003279
  2.325531   0.003190
  2.334329   0.003235
  2.343126   0.003234
  2.351924   0.003335
  2.360721   0.003278
  2.369519   0.003171
  2.378317   0.003160
  2.387114   0.003119
  2.395912   0.003205
  2.404709   0.003163
  2.413507   0.003176
  2.422305   0.003104
  2.431102   0.003299
  2.439900   0.003222
  2.448697   0.003169
  2.457495   0.003277
  2.466293   0.003194
  2.475090   0.003093
  2.483888   0.003059
  2.492685   0.003160
  2.501483   0.003089
  2.510281   0.003045
  2.519078   0.003038
  2.527876   0.003055
  2.536673   0.003074
  2.545471   0.003016
  2.554269   0.003125
  2.563066   0.003263
  2.571864   0.003113
  2.580661   0.003129
  2.589459   0.003066
  2.598257   0.003145
  2.607054   0.003019
  2.615852   0.003109
  2.624649   0.003157
  2.633447   0.003160
  2.642244   0.003091
  2.651042   0.003080
  2.659840   0.003132
  2.668637   0.003098
  2.677435   0.003244
  2.686232   0.003142
  2.695030   0.003104
  2.703828   0.003184
  2.712625   0.003075
  2.721423   0.003123
  2.730220   0.003191
  2.739018   0.003144
  2.747816   0.003072
  2.756613   0.003124
  2.765411   0.003079
  2.774208   0.003135
  2.783006   0.003185
  2.791804   0.003197
  2.800601   0.003193
  2.809399   0.003185
  2.818196   0.003332
  2.826994   0.003211
  2.835792   0.003071
  2.844589   0.003022
  2.853387   0.003036
  2.862184   0.003091
  2.870982   0.003071
  2.879780   0.003029
  2.888577   0.003089
  2.897375   0.003048
  2.906172   0.003103
  2.914970   0.003074
  2.923768   0.003012
  2.932565   0.003066
  2.941363   0.003058
  2.950160   0.003012
  2.958958   0.002993
  2.967756   0.003042
  2.976553   0.003050
  2.985351   0.003068
  2.994148   0.003049
  3.002946   0.003076
  3.011743   0.003039
  3.020541   0.002980
  3.029339   0.003008
  3.038136   0.003066
  3.046934   0.003095
  3.055731   0.003171
  3.064529   0.003026
  3.073327   0.003050
  3.082124   0.003051
  3.090922   0.003049
  3.099719   0.003020
  3.108517   0.003104
  3.117315   0.003110
  3.126112   0.003089
  3.134910   0.003038
  3.143707   0.003122
  3.152505   0.003256
  3.161303   0.003294
  3.170100   0.003226
  3.178898   0.003107
  3.187695   0.003288
  3.196493   0.003160
  3.205291   0.003170
  3.214088   0.003159
  3.222886   0.003117
  3.231683   0.003120
  3.240481   0.003207
  3.249279   0.003153
  3.258076   0.003130
  3.266874   0.003177
  3.275671   0.003211
  3.284469   0.003159
  3.293267   0.003103
  3.302064   0.003117
  3.310862   0.003155
  3.319659   0.003247
  3.328457   0.003390
  3.337255   0.003250
  3.346052   0.003232
  3.354850   0.003190
  3.363647   0.003176
  3.372445   0.003182
  3.381242   0.003108
  3.390040   0.003129
  3.398838   0.003176
  3.407635   0.003206
  3.416433   0.003164
  3.425230   0.003155
  3.434028   0.003155
  3.442826   0.003153
  3.451623   0.003135
  3.460421   0.003204
  3.469218   0.003288
  3.478016   0.003322
  3.486814   0.003159
  3.495611   0.003121
  3.504409   0.003142
  3.513206   0.003206
  3.522004   0.003117
  3.530802   0.003095
  3.539599   0.003106
  3.548397   0.003103
  3.557194   0.003099
  3.565992   0.003086
  3.574790   0.003058
  3.583587   0.003131
  3.592385   0.003172
  3.601182   0.003156
  3.609980   0.003193
  3.618778   0.003162
  3.627575   0.003115
  3.636373   0.003111
  3.645170   0.003159
  3.653968   0.003290
  3.662766   0.003213
  3.671563   0.003160
  3.680361   0.003137
  3.689158   0.003060
  3.697956   0.003042
  3.706754   0.003097
  3.715551   0.003131
  3.724349   0.003149
  3.733146   0.003124
  3.741944   0.003205
  3.750741   0.003323
  3.759539   0.003167
  3.768337   0.003154
  3.777134   0.003294
  3.785932   0.003169
  3.794729   0.003039
  3.803527   0.003007
  3.812325   0.002988
  3.821122   0.002980
  3.829920   0.003021
  3.838717   0.003065
  3.847515   0.003017
  3.856313   0.003036
  3.865110   0.003102
  3.873908   0.003090
  3.882705   0.003057
  3.891503   0.003019
  3.900301   0.003015
  3.909098   0.003046
  3.917896   0.003050
  3.926693   0.003043
  3.935491   0.003037
  3.944289   0.003031
  3.953086   0.003030
  3.961884   0.003025
  3.970681   0.003016
  3.979479   0.003032
  3.988277   0.003068
  3.997074   0.003094
  4.005872   0.003126
  4.014669   0.003142
  4.023467   0.003107
  4.032265   0.003031
  4.041062   0.003003
  4.049860   0.003009
  4.058657   0.003013
  4.067455   0.003013
  4.076253   0.003001
  4.085050   0.002982
  4.093848   0.003010
  4.102645   0.003072
  4.111443   0.003004
  4.120240   0.002956
  4.129038   0.002952
  4.137836   0.002955
  4.146633   0.002964
  4.155431   0.002975
  4.164228   0.003049
  4.173026   0.003144
  4.181824   0.003069
  4.190621   0.003146
  4.199419   0.003128
  4.208216   0.003119
  4.217014   0.003144
  4.225812   0.003171
  4.234609   0.003152
  4.243407   0.003219
  4.252204   0.003303
  4.261002   0.003565
  4.269800   0.003521
  4.278597   0.003455
  4.287395   0.003277
  4.296192   0.003154
  4.304990   0.003121
  4.313788   0.003109
  4.322585   0.003123
  4.331383   0.003173
  4.340180   0.003182
  4.348978   0.003149
  4.357776   0.003131
  4.366573   0.003119
  4.375371   0.003108
  4.384168   0.003098
  4.392966   0.003089
  4.401764   0.003093
  4.410561   0.003097
  4.419359   0.003105
  4.428156   0.003120
  4.436954   0.003112
  4.445752   0.003085
  4.454549   0.003090
  4.463347   0.003150
  4.472144   0.003203
  4.480942   0.003158
  4.489739   0.003120
  4.498537   0.003130
  4.507335   0.003152
  4.516132   0.003167
  4.524930   0.003176
  4.533727   0.003154
  4.542525   0.003101
  4.551323   0.003100
  4.560120   0.003106
  4.568918   0.003112
  4.577715   0.003112
  4.586513   0.003110
  4.595311   0.003121
  4.604108   0.003049
  4.612906   0.003000
  4.621703   0.003024
  4.630501   0.003101
  4.639299   0.003167
  4.648096   0.003094
  4.656894   0.003049
  4.665691   0.003022
  4.674489   0.003005
  4.683287   0.003006
  4.692084   0.003001
  4.700882   0.003004
  4.709679   0.003008
  4.718477   0.003013
  4.727275   0.003024
  4.736072   0.003059
  4.744870   0.003124
  4.753667   0.003086
  4.762465   0.003040
  4.771263   0.003012
  4.780060   0.003006
  4.788858   0.003068
  4.797655   0.003069
  4.806453   0.003016
  4.815251   0.002997
  4.824048   0.003000
  4.832846   0.003016
  4.841643   0.003028
  4.850441   0.003016
  4.859238   0.003009
  4.868036   0.003017
  4.876834   0.003061
  4.885631   0.003106
  4.894429   0.003054
  4.903226   0.003035
  4.912024   0.003090
  4.920822   0.003021
  4.929619   0.003020
  4.938417   0.003042
  4.947214   0.003050
  4.956012   0.003083
  4.964810   0.003051
  4.973607   0.002988
  4.982405   0.002961
  4.991202   0.002961
  5.000000   0.002975
